   0.0000000000000000e+00
  -2.6268637898047054e+01
  -1.6021920000001244e-11
  -1.6021920000001661e-11
  -1.6021919999997525e-11
  -1.6021919999997528e-11
  -1.6021920000002078e-11
  -1.6021920000002495e-11
  -1.6021919999998772e-11
  -1.6021920000001671e-11
  -1.6021920000000019e-11
  -1.2032461919995471e-11
  -8.0430038400000223e-12
  -8.0430038400016783e-12
  -8.0430038399967168e-12
  -8.0430038400008543e-12
  -8.0430038399992016e-12
  -8.0430038400008592e-12
  -8.0430038399996216e-12
  -8.0430038400008656e-12
  -8.0430038400012824e-12
  -8.0430038400004553e-12
  -8.0430038400000417e-12
  -8.0430038400008689e-12
  -8.0430038399967330e-12
  -8.0430038400008689e-12
  -8.0430038399983857e-12
  -8.0430038400012808e-12
  -8.0430038399971433e-12
  -8.0430038399996249e-12
  -8.0430038400041727e-12
  -8.0430038399975537e-12
  -8.0430038400016880e-12
  -8.0430038400025135e-12
  -8.0430038399987912e-12
  -8.0430038399975488e-12
  -8.0430038399979608e-12
  -8.0430038400033375e-12
  -8.0430038400012679e-12
  -8.0430038399996135e-12
  -8.0430038399983728e-12
  -8.0430038400004391e-12
  -8.0430038400016799e-12
  -8.0430038400000239e-12
  -8.0430038399983679e-12
  -8.0430038400000223e-12
  -8.0430038400012614e-12
  -8.0430038399983663e-12
  -8.0430038400012614e-12
  -8.0430038400000191e-12
  -8.0430038399950544e-12
  -1.2032461920005806e-11
  -1.6021919999999603e-11
  -1.6021919999996291e-11
  -1.6021920000002495e-11
  -1.6021919999999599e-11
  -1.6021920000003322e-11
  -1.6021919999998355e-11
  -1.6021919999997115e-11
  -1.6021920000004970e-11
  -1.6021919999996695e-11
  -2.6268637898046475e+01
   0.0000000000000000e+00
   3.5527136788005018e+09
   8.8800492989667912e+09
  -1.2432762977767290e+10
  -1.0658141036401512e+10
   8.8800492989667969e+09
   1.2436232773836237e+10
  -5.3290705182007570e+09
   7.1054273576010199e+09
   1.7348980344744539e+06
  -2.1318016970837524e+10
  -1.7348980344680930e+06
   7.1054273576010237e+09
  -1.5985476656567839e+10
   5.3290705182007656e+09
  -5.3273356201663065e+09
   3.5527136788005099e+09
  -1.7348980344718676e+06
   1.7780917374347239e+09
   7.1019575615321016e+09
   3.5509787807660522e+09
  -1.7763568394002597e+09
   3.5527136788005190e+09
  -1.4212589613236544e+10
   1.7763568394002595e+09
  -7.1036924595665693e+09
   7.1036924595665712e+09
  -1.4210854715202070e+10
  -3.5527136788005090e+09
   2.1314547174768635e+10
  -1.2432762977767340e+10
   7.1054273576010332e+09
   1.4212589613236528e+10
  -8.8852539930702229e+09
  -8.8800492989668198e+09
  -1.2434497875801790e+10
   1.5987211554602308e+10
   7.1071622556354942e+09
  -1.7763568394002564e+09
  -8.8835190950357475e+09
   3.5527136788005099e+09
   7.1054273576010256e+09
  -4.0512531995773315e-08
  -8.8817841970012760e+09
  -5.1734969019889832e-07
   7.1071622556354876e+09
  -8.8817841970012741e+09
   7.1036924595665541e+09
  -1.7348980344672608e+06
  -2.4867260853569088e+10
   2.8421709430404064e+10
  -3.5527136788005075e+09
  -1.5987211554602276e+10
   1.0659875934435987e+10
  -1.7348980344676971e+06
   1.4209119817167559e+10
  -7.1054273576010103e+09
  -1.5988946452636734e+10
   2.6647087489038242e+10
  -1.7763568394002506e+10
   0.0000000000000000e+00
